01215
02193 124
03117 237 442
04218 935 347 235
05320 804 522 417 345
06229 601 723 835 133 124
07248 202 277 433 207 263 257
08359 464 504 528 516 716 871 182
09461 441 426 656 863 560 380 171 923
10381 348 573 533 447 632 387 176 975 449
11223 711 445 645 245 543 931 532 937 541 444
12330 131 333 928 377 733 017 778 839 168 197 197
13131 171 522 137 217 224 291 413 528 520 227 229 928
14223 626 034 683 839 53 627 310 713 116 629 817 410 121
15924 622 911 233 325 139 721 218 253 223 528 233 230 124 233
